$ 1 0.000005 11.086722712598126 33 2 50
r 16 80 -48 80 0 47000
R 64 128 112 128 0 0 40 5 0 0 0.5
R -192 224 -192 128 0 0 40 3.3 0 0 0.5
t 32 224 64 224 0 -1 -0.6027092689357634 -0.7223498994355166 100
w 64 128 64 208 0
t -80 240 -32 240 0 1 -3.656598466214257 0.621051634350226 100
r -80 240 -128 240 0 100000
r -32 192 -32 144 0 47000
r 64 240 64 304 0 37
w -32 304 64 304 0
w -32 224 -32 192 0
w 64 128 -32 128 0
w -32 256 -32 304 0
w -32 224 32 224 0
w -144 240 -128 240 0
w -32 128 -32 144 0
g -192 256 -192 352 0
g 64 304 64 352 0
R -464 240 -464 192 0 0 40 3.3 0 0 0.5
r -416 240 -464 240 0 100000
t -416 240 -368 240 0 1 -4.300905614107392 0.6202869454791551 100
R -368 160 -320 160 0 0 40 5 0 0 0.5
w -368 160 -368 224 0
r -368 256 -368 320 0 30
g -368 320 -368 352 0
S -144 240 -192 240 0 1 false 0 2
